 18
Assamese	0.0000	0.3247	1.0000	0.4675	0.4868	0.4805	1.0000	0.5195	0.5455	0.4416	0.3766	1.0000	0.4416	0.5325	1.0000	0.4737	0.5325	0.4805
Bengali	0.3247	0.0000	1.0000	0.5325	0.4211	0.4156	1.0000	0.4675	0.4675	0.4805	0.2987	1.0000	0.3896	0.5455	1.0000	0.4342	0.5714	0.4156
Bhojpuri	1.0000	1.0000	0.0000	1.0000	1.0000	1.0000	0.8182	1.0000	1.0000	1.0000	1.0000	0.8831	1.0000	1.0000	0.7403	1.0000	1.0000	1.0000
Dhivehi	0.4675	0.5325	1.0000	0.0000	0.5263	0.5714	1.0000	0.5844	0.5714	0.5584	0.5325	1.0000	0.5325	0.5844	1.0000	0.5395	0.3766	0.5714
Gujarati	0.4868	0.4211	1.0000	0.5263	0.0000	0.2895	1.0000	0.4079	0.2895	0.3947	0.3816	1.0000	0.2368	0.5395	1.0000	0.2533	0.5000	0.3026
Hindi	0.4805	0.4156	1.0000	0.5714	0.2895	0.0000	1.0000	0.4935	0.4026	0.3117	0.4026	1.0000	0.1299	0.4675	1.0000	0.2632	0.5325	0.0260
Kashmiri	1.0000	1.0000	0.8182	1.0000	1.0000	1.0000	0.0000	1.0000	1.0000	1.0000	1.0000	0.9481	1.0000	1.0000	0.8182	1.0000	1.0000	1.0000
Konkani	0.5195	0.4675	1.0000	0.5844	0.4079	0.4935	1.0000	0.0000	0.3896	0.5065	0.5325	1.0000	0.4416	0.6234	1.0000	0.4342	0.5584	0.4935
Marathi	0.5455	0.4675	1.0000	0.5714	0.2895	0.4026	1.0000	0.3896	0.0000	0.4805	0.5065	1.0000	0.3766	0.5714	1.0000	0.3816	0.5455	0.4156
Nepali	0.4416	0.4805	1.0000	0.5584	0.3947	0.3117	1.0000	0.5065	0.4805	0.0000	0.4935	1.0000	0.3117	0.4805	1.0000	0.4079	0.5455	0.3117
Oriya	0.3766	0.2987	1.0000	0.5325	0.3816	0.4026	1.0000	0.5325	0.5065	0.4935	0.0000	1.0000	0.4026	0.5455	1.0000	0.4474	0.5584	0.4026
Pali	1.0000	1.0000	0.8831	1.0000	1.0000	1.0000	0.9481	1.0000	1.0000	1.0000	1.0000	0.0000	1.0000	1.0000	0.8052	1.0000	1.0000	1.0000
Punjabi	0.4416	0.3896	1.0000	0.5325	0.2368	0.1299	1.0000	0.4416	0.3766	0.3117	0.4026	1.0000	0.0000	0.4675	1.0000	0.2105	0.5065	0.1169
Romani	0.5325	0.5455	1.0000	0.5844	0.5395	0.4675	1.0000	0.6234	0.5714	0.4805	0.5455	1.0000	0.4675	0.0000	1.0000	0.5000	0.5844	0.4675
Sanskrit	1.0000	1.0000	0.7403	1.0000	1.0000	1.0000	0.8182	1.0000	1.0000	1.0000	1.0000	0.8052	1.0000	1.0000	0.0000	1.0000	1.0000	1.0000
Sindhi	0.4737	0.4342	1.0000	0.5395	0.2533	0.2632	1.0000	0.4342	0.3816	0.4079	0.4474	1.0000	0.2105	0.5000	1.0000	0.0000	0.5132	0.2763
Sinhalese	0.5325	0.5714	1.0000	0.3766	0.5000	0.5325	1.0000	0.5584	0.5455	0.5455	0.5584	1.0000	0.5065	0.5844	1.0000	0.5132	0.0000	0.5325
Urdu	0.4805	0.4156	1.0000	0.5714	0.3026	0.0260	1.0000	0.4935	0.4156	0.3117	0.4026	1.0000	0.1169	0.4675	1.0000	0.2763	0.5325	0.0000
# # Created using the LexStat class of LingPy-2.6.9
# Parameters: 2:1_1.00_1000_0.70_global-2-0.50:local-1-0.50_0.30__T_shuffle_False:upgma:-2_0.7_0.00_-5.00
# Cluster: lexstat_infomap_0.50